0 16384
1489604608 4096
1491120128 4096
1716506624 4096
1740496896 4096
1748516864 4096
1749401600 4096
1749544960 4096
1489608704 16384
1489625088 131072
1489756160 131072
1489887232 131072
1490018304 131072
1490149376 131072
1490280448 131072
1490411520 131072
1490542592 131072
1490673664 131072
1490804736 131072
1490935808 131072
1491124224 16384
1716510720 16384
1716527104 90112
1716617216 131072
1740500992 16384
1740517376 32768
1748520960 16384
1749405696 16384
1740750848 4096
1740754944 16384
1740771328 32768
1740746752 4096
1740550144 73728
1741389824 4096
1741393920 16384
1741410304 32768
1741385728 4096
1740804096 73728
1741443072 73728
1741516800 131072
1742249984 4096
1742254080 16384
1742270464 32768
1742245888 4096
1743282176 4096
1743286272 16384
1743302656 32768
1743278080 4096
1743335424 81920
1742303232 131072
1742434304 131072
1743417344 131072
1743548416 131072
1740877824 131072
1741647872 131072
1741008896 131072
1740623872 122880
1741139968 131072
1741778944 131072
1741910016 131072
1742565376 131072
1742696448 131072
1743679488 131072
1742827520 131072
1743810560 131072
1744347136 4096
1744351232 32768
1744384000 65536
1744343040 4096
1744449536 131072
1744580608 131072
1745547264 4096
1745551360 131072
1745682432 131072
1745534976 4096
1745539072 8192
1744711680 131072
1745813504 131072
1745944576 131072
1746808832 4096
1746812928 131072
1746944000 131072
1746767872 4096
1746771968 36864
1747075072 131072
1740414976 4096
1740419072 16384
1716006912 4096
1716011008 16384
1716027392 32768
1716002816 4096
1715998720 4096
1715994624 4096
1715990528 4096
1715986432 4096
1715654656 4096
1715658752 16384
1715650560 4096
1715646464 4096
1715011584 4096
1715015680 16384
1715007488 4096
1715003392 4096
1714999296 4096
1712226304 4096
1712230400 16384
1712222208 4096
1712218112 4096
1712214016 4096
1740410880 4096
1738981376 4096
1738985472 65536
1739051008 131072
1738973184 4096
1738977280 4096
1738969088 4096
1737216000 4096
1737220096 131072
1737351168 131072
1737146368 4096
1737150464 65536
1737093120 4096
1737097216 49152
1737056256 4096
1737060352 32768
1715953664 4096
1715957760 16384
1715974144 12288
1715949568 4096
1715945472 4096
1715941376 4096
1715937280 4096
1715630080 4096
1715634176 12288
1715625984 4096
1715621888 4096
1715617792 4096
1714982912 4096
1714987008 12288
1714978816 4096
1714974720 4096
1712197632 4096
1712201728 12288
1712193536 4096
1712189440 4096
1738964992 4096
1737039872 4096
1737043968 12288
1748070400 4096
1748074496 32768
1748107264 65536
1747206144 131072
1740435456 32768
1716060160 126976
1715683328 4096
1715687424 16384
1715679232 4096
1715675136 4096
1715703808 32768
1715036160 4096
1715040256 16384
1715032064 4096
1715056640 36864
1712291840 4096
1712295936 32768
1712328704 65536
1712271360 4096
1712275456 16384
1712254976 4096
1712259072 12288
1712246784 8192
1739182080 131072
1737494528 4096
1737498624 131072
1737629696 131072
1737482240 12288
1715093504 32768
1715126272 65536
1712742400 4096
1712746496 131072
1712877568 131072
1712693248 4096
1712697344 45056
1712644096 4096
1712648192 45056
1712599040 4096
1712603136 40960
1712553984 4096
1712558080 40960
1712517120 4096
1712521216 32768
1739313152 16384
1739329536 32768
1739362304 65536
1739427840 131072
1737760768 131072
1744842752 131072
1746075648 131072
1744973824 131072
1746206720 131072
1747337216 131072
1748172800 131072
1715740672 4096
1715744768 16384
1715736576 4096
1715761152 98304
1715859456 77824
1715245056 4096
1715249152 32768
1715281920 65536
1715232768 4096
1715236864 8192
1715216384 4096
1715220480 12288
1715200000 4096
1715204096 12288
1715191808 8192
1713229824 4096
1713233920 65536
1713299456 131072
1713192960 4096
1713197056 32768
1713160192 4096
1713164288 28672
1713127424 4096
1713131520 28672
1713090560 4096
1713094656 32768
1713053696 4096
1713057792 32768
1740468224 28672
1739571200 4096
1739575296 131072
1739706368 131072
1739558912 12288
1737891840 131072
1747468288 131072
1716215808 4096
1716219904 16384
1716236288 32768
1716211712 4096
1716207616 4096
1716199424 4096
1716203520 4096
1716195328 4096
1716191232 4096
1713688576 4096
1713692672 131072
1713823744 131072
1713651712 4096
1713655808 32768
1713614848 4096
1713618944 32768
1713582080 4096
1713586176 28672
1713545216 4096
1713549312 32768
1713508352 4096
1713512448 32768
1739837440 131072
1741271040 114688
1738022912 73728
1742041088 131072
1738096640 131072
1748303872 32768
1748336640 65536
1742172160 73728
1742958592 131072
1743941632 131072
1743089664 131072
1744072704 131072
1744203776 131072
1743220736 57344
1744334848 8192
1745104896 131072
1745235968 131072
1746337792 131072
1745367040 131072
1746468864 131072
1746599936 131072
1747599360 131072
1747730432 131072
1716269056 16384
1716285440 32768
1715470336 4096
1715474432 16384
1715490816 32768
1715458048 4096
1715462144 8192
1715445760 4096
1715449856 8192
1715433472 4096
1715437568 8192
1715412992 4096
1715417088 16384
1715396608 4096
1715400704 12288
1714171904 4096
1714176000 65536
1714241536 131072
1714139136 4096
1714143232 28672
1714106368 4096
1714110464 28672
1714061312 4096
1714065408 40960
1714008064 4096
1714012160 49152
1713971200 4096
1713975296 32768
1739968512 131072
1738227712 131072
1716318208 131072
1714647040 4096
1714651136 131072
1714782208 131072
1714610176 4096
1714614272 32768
1714577408 4096
1714581504 28672
1714536448 4096
1714540544 36864
1714499584 4096
1714503680 32768
1714462720 4096
1714466816 32768
1740099584 73728
1740173312 131072
1738358784 106496
1738465280 131072
1747861504 131072
1748402176 114688
1748537344 126976
1715548160 4096
1715552256 16384
1715544064 4096
1715539968 4096
1715535872 4096
1740304384 106496
1738596352 131072
1745498112 36864
1746731008 36864
1747992576 77824
1715576832 4096
1715580928 16384
1715572736 4096
1715568640 4096
1715597312 8192
1714929664 4096
1714933760 16384
1714925568 4096
1714921472 4096
1714917376 4096
1738727424 98304
1738825728 131072
1716473856 4096
1716477952 16384
1716494336 12288
1716469760 4096
1716465664 4096
1716461568 4096
1716457472 4096
1716453376 4096
1715605504 12288
1714954240 4096
1714958336 16384
1714950144 4096
1738956800 8192
1721159680 4096
1721163776 131072
1721294848 131072
1721102336 4096
1721106432 53248
1719894016 4096
1719898112 131072
1720029184 131072
1719840768 4096
1719844864 49152
1721040896 4096
1721044992 57344
1719779328 4096
1719783424 57344
1722576896 4096
1722580992 131072
1722712064 131072
1722511360 4096
1722515456 61440
1722454016 4096
1722458112 53248
1718734848 4096
1718738944 131072
1718870016 131072
1718669312 4096
1718673408 61440
1718599680 4096
1718603776 65536
1720979456 4096
1720983552 57344
1719721984 4096
1719726080 53248
1722388480 4096
1722392576 61440
1718534144 4096
1718538240 61440
1724133376 4096
1724137472 131072
1724268544 131072
1724076032 4096
1724080128 53248
1724022784 4096
1724026880 49152
1717755904 4096
1717760000 131072
1717891072 131072
1717690368 4096
1717694464 61440
1717624832 4096
1717628928 61440
1721425920 131072
1720160256 131072
1718022144 131072
1723961344 4096
1723965440 57344
1720922112 4096
1720926208 53248
1719652352 4096
1719656448 65536
1717555200 4096
1717559296 65536
1722843136 131072
1719001088 131072
1722322944 4096
1722327040 61440
1718464512 4096
1718468608 65536
1724399616 131072
1723887616 4096
1723891712 69632
1717497856 4096
1717501952 53248
1720881152 4096
1720885248 36864
1720840192 4096
1720844288 36864
1719582720 4096
1719586816 65536
1719521280 4096
1719525376 57344
1722273792 4096
1722277888 45056
1722216448 4096
1722220544 53248
1718403072 4096
1718407168 57344
1718345728 4096
1718349824 53248
1720291328 131072
1719132160 131072
1717436416 4096
1717440512 57344
1717379072 4096
1717383168 53248
1514405888 4096
1514409984 65536
1514475520 131072
1514377216 4096
1514381312 24576
1511849984 4096
1511854080 65536
1511919616 131072
1511817216 4096
1511821312 28672
1512050688 131072
1519792128 4096
1519796224 65536
1519861760 131072
1519763456 4096
1519767552 24576
1517064192 4096
1517068288 65536
1517133824 131072
1517039616 4096
1517043712 20480
1519992832 131072
1522655232 4096
1522659328 65536
1522724864 131072
1522618368 4096
1522622464 32768
1525571584 4096
1525575680 65536
1525641216 131072
1525534720 4096
1525538816 32768
1514340352 4096
1514344448 32768
1514307584 4096
1514311680 28672
1511784448 4096
1511788544 28672
1511747584 4096
1511751680 32768
1519730688 4096
1519734784 28672
1519702016 4096
1519706112 24576
1517002752 4096
1517006848 32768
1516974080 4096
1516978176 24576
1522593792 4096
1522597888 20480
1522561024 4096
1522565120 28672
1525506048 4096
1525510144 24576
1525469184 4096
1525473280 32768
1514606592 131072
1517264896 131072
1522855936 131072
1525772288 131072
1509347328 4096
1509351424 65536
1509416960 131072
1509322752 4096
1509326848 20480
1506967552 4096
1506971648 65536
1507037184 131072
1506938880 4096
1506942976 24576
1528524800 4096
1528528896 65536
1528594432 131072
1528492032 4096
1528496128 28672
1528725504 131072
1531482112 4096
1531486208 65536
1531551744 131072
1531449344 4096
1531453440 28672
1531682816 131072
1509285888 4096
1509289984 32768
1509240832 4096
1509244928 40960
1506897920 4096
1506902016 36864
1506856960 4096
1506861056 36864
1509548032 131072
1507168256 131072
1528463360 4096
1528467456 24576
1528426496 4096
1528430592 32768
1531420672 4096
1531424768 24576
1531383808 4096
1531387904 32768
1514229760 4096
1514233856 73728
1514188800 4096
1514192896 36864
1511673856 4096
1511677952 69632
1511632896 4096
1511636992 36864
1519636480 4096
1519640576 61440
1519603712 4096
1519607808 28672
1516908544 4096
1516912640 61440
1516875776 4096
1516879872 28672
1522491392 4096
1522495488 65536
1522458624 4096
1522462720 28672
1525395456 4096
1525399552 65536
1525465088 4096
1525362688 4096
1525366784 28672
1514737664 131072
1512181760 131072
1520123904 131072
1517395968 131072
1522987008 131072
1525903360 131072
1509163008 4096
1509167104 73728
1509126144 4096
1509130240 32768
1506775040 4096
1506779136 77824
1506734080 4096
1506738176 36864
1504694272 4096
1504698368 65536
1504763904 131072
1504661504 4096
1504665600 28672
1502629888 4096
1502633984 65536
1502699520 131072
1502588928 4096
1502593024 36864
1504894976 131072
1502830592 131072
1528356864 4096
1528360960 65536
1528320000 4096
1528324096 32768
1531310080 4096
1531314176 65536
1531379712 4096
1531273216 4096
1531277312 32768
1509679104 131072
1504628736 4096
1504632832 28672
1504591872 4096
1504595968 32768
1502552064 4096
1502556160 32768
1502515200 4096
1502519296 32768
1528856576 131072
1531813888 131072
1514151936 4096
1514156032 32768
1514115072 4096
1514119168 32768
1511591936 4096
1511596032 36864
1511559168 4096
1511563264 28672
1519575040 4096
1519579136 24576
1519546368 4096
1519550464 24576
1516838912 4096
1516843008 32768
1516802048 4096
1516806144 32768
1522421760 4096
1522425856 32768
1522388992 4096
1522393088 28672
1525325824 4096
1525329920 32768
1525288960 4096
1525293056 32768
1504505856 4096
1504509952 81920
1504456704 4096
1504460800 45056
1502445568 4096
1502449664 65536
1502416896 4096
1502420992 24576
1505026048 131072
1502961664 131072
1509085184 4096
1509089280 36864
1509044224 4096
1509048320 36864
1506697216 4096
1506701312 32768
1506656256 4096
1506660352 36864
1528279040 4096
1528283136 36864
1528242176 4096
1528246272 32768
1531236352 4096
1531240448 32768
1531203584 4096
1531207680 28672
1507299328 131072
1504403456 4096
1504407552 49152
1504358400 4096
1504362496 40960
1502371840 4096
1502375936 40960
1502326784 4096
1502330880 40960
1514078208 4096
1514082304 32768
1514045440 4096
1514049536 28672
1511522304 4096
1511526400 32768
1511485440 4096
1511489536 32768
1519513600 4096
1519517696 28672
1519484928 4096
1519489024 24576
1516769280 4096
1516773376 28672
1516728320 4096
1516732416 36864
1522356224 4096
1522360320 28672
1522327552 4096
1522331648 24576
1525256192 4096
1525260288 28672
1525223424 4096
1525227520 28672
1514868736 131072
1509003264 4096
1509007360 36864
1508970496 4096
1508974592 28672
1506619392 4096
1506623488 32768
1506582528 4096
1506586624 32768
1523118080 131072
1526034432 131072
1528209408 4096
1528213504 28672
1528172544 4096
1528176640 32768
1531162624 4096
1531166720 36864
1531125760 4096
1531129856 32768
1509810176 131072
1528987648 131072
1531944960 131072
959877120 4096
959881216 32768
959913984 65536
956190720 4096
956194816 32768
956227584 65536
959864832 4096
959868928 8192
956174336 4096
956178432 12288
963547136 4096
963551232 32768
963584000 65536
963530752 4096
963534848 12288
959979520 131072
956293120 131072
963649536 131072
952545280 4096
952549376 32768
952582144 65536
948928512 4096
948932608 16384
948948992 32768
952532992 4096
952537088 8192
948916224 4096
948920320 8192
948981760 81920
952647680 131072
949063680 131072
967172096 4096
967176192 32768
967208960 65536
967155712 4096
967159808 12288
970760192 4096
970764288 32768
970797056 65536
970747904 4096
970752000 8192
967274496 131072
970862592 131072
959848448 4096
959852544 12288
956157952 4096
956162048 12288
959832064 4096
959836160 12288
956141568 4096
956145664 12288
963514368 4096
963518464 12288
963497984 4096
963502080 12288
952524800 4096
952528896 4096
948903936 4096
948908032 8192
952520704 4096
948891648 4096
948895744 8192
967143424 4096
967147520 8192
967131136 4096
967135232 8192
970735616 4096
970739712 8192
970723328 4096
970727424 8192
945405952 4096
945410048 32768
945442816 65536
942067712 4096
942071808 32768
942104576 65536
945393664 4096
945397760 8192
942051328 4096
942055424 12288
945508352 131072
942170112 131072
974213120 4096
974217216 16384
974233600 32768
974196736 4096
974200832 12288
977735680 4096
977739776 32768
977772544 65536
977719296 4096
977723392 12288
974266368 73728
977838080 131072
974340096 131072
945377280 4096
945381376 12288
942034944 4096
942039040 12288
945364992 4096
945369088 8192
942022656 4096
942026752 8192
959815680 4096
959819776 12288
956129280 4096
956133376 8192
959799296 4096
959803392 12288
956116992 4096
956121088 8192
963485696 4096
963489792 8192
963469312 4096
963473408 12288
974184448 4096
974188544 8192
974172160 4096
974176256 8192
977707008 4096
977711104 8192
977694720 4096
977698816 8192
952516608 4096
948879360 4096
948883456 8192
952500224 4096
952504320 12288
948867072 4096
948871168 8192
967114752 4096
967118848 12288
967098368 4096
967102464 12288
970711040 4096
970715136 8192
970698752 4096
970702848 8192
938684416 4096
938688512 32768
938721280 65536
935219200 4096
935223296 32768
935256064 65536
938672128 4096
938676224 8192
935206912 4096
935211008 8192
938786816 131072
935321600 131072
945348608 4096
945352704 12288
942010368 4096
942014464 8192
945336320 4096
945340416 8192
941998080 4096
942002176 8192
981536768 4096
981540864 32768
981573632 65536
981520384 4096
981524480 12288
985354240 4096
985358336 32768
985391104 65536
985341952 4096
985346048 8192
981639168 131072
985456640 131072
938655744 4096
938659840 12288
935190528 4096
935194624 12288
938643456 4096
938647552 8192
935174144 4096
935178240 12288
974159872 4096
974163968 8192
974143488 4096
974147584 12288
977682432 4096
977686528 8192
977670144 4096
977674240 8192
981508096 4096
981512192 8192
981495808 4096
981499904 8192
985329664 4096
985333760 8192
985317376 4096
985321472 8192
938627072 4096
938631168 12288
935161856 4096
935165952 8192
938614784 4096
938618880 8192
935149568 4096
935153664 8192
928067584 4096
928071680 32768
928104448 65536
924368896 4096
924372992 32768
924405760 65536
928055296 4096
928059392 8192
924356608 4096
924360704 8192
931688448 4096
931692544 32768
931725312 65536
931676160 4096
931680256 8192
928169984 131072
924471296 131072
931790848 131072
981479424 4096
981483520 12288
981467136 4096
981471232 8192
985305088 4096
985309184 8192
985288704 4096
985292800 12288
928038912 4096
928043008 12288
924340224 4096
924344320 12288
928022528 4096
928026624 12288
924336128 4096
931659776 4096
931663872 12288
931647488 4096
931651584 8192
993017856 4096
993021952 32768
993054720 65536
989204480 4096
989208576 16384
989224960 32768
993001472 4096
993005568 12288
989192192 4096
989196288 8192
996777984 4096
996782080 32768
996814848 65536
996765696 4096
996769792 8192
989257728 81920
993120256 131072
996880384 131072
989339648 131072
992989184 4096
992993280 8192
989179904 4096
989184000 8192
992976896 4096
992980992 8192
989167616 4096
989171712 8192
996753408 4096
996757504 8192
996745216 4096
996749312 4096
928010240 4096
928014336 8192
924332032 4096
927997952 4096
928002048 8192
924319744 4096
924323840 8192
931631104 4096
931635200 12288
931618816 4096
931622912 8192
992964608 4096
992968704 8192
989151232 4096
989155328 12288
992952320 4096
992956416 8192
989138944 4096
989143040 8192
996728832 4096
996732928 12288
996716544 4096
996720640 8192
920625152 4096
920629248 32768
920662016 65536
916922368 4096
916926464 16384
916942848 32768
920612864 4096
920616960 8192
916914176 4096
916918272 4096
916975616 73728
920727552 131072
917049344 131072
952778752 131072
949194752 131072
956424192 131072
960110592 131072
963780608 131072
945639424 131072
942301184 131072
967405568 131072
970993664 131072
938917888 131072
935452672 131072
977969152 131072
974471168 131072
924602368 131072
931921920 131072
928301056 131072
981770240 131072
985587712 131072
920858624 131072
920596480 4096
920600576 12288
916897792 4096
916901888 12288
916885504 4096
916889600 8192
917180416 131072
913588224 4096
913592320 16384
913608704 32768
910209024 4096
910213120 32768
910245888 65536
913584128 4096
910196736 4096
910200832 8192
913641472 73728
910311424 131072
1504317440 4096
1504321536 36864
1504280576 4096
1504284672 32768
1502277632 4096
1502281728 45056
1502228480 4096
1502232576 45056
1721556992 131072
1723817984 4096
1723822080 65536
1723748352 4096
1723752448 65536
1722974208 131072
1718153216 131072
1724530688 131072
1722155008 4096
1722159104 57344
1720782848 4096
1720786944 53248
1719459840 4096
1719463936 57344
1723691008 4096
1723695104 53248
1725607936 4096
1725612032 131072
1725743104 131072
1725558784 4096
1725562880 45056
1725501440 4096
1725505536 53248
1725165568 4096
1725169664 131072
1725300736 131072
1725095936 4096
1725100032 65536
1723629568 4096
1723633664 57344
1723572224 4096
1723576320 53248
1722085376 4096
1722089472 65536
1722028032 4096
1722032128 53248
1725030400 4096
1725034496 61440
1723506688 4096
1723510784 61440
1725431808 69632
1721962496 4096
1721966592 61440
1726767104 4096
1726771200 131072
1726902272 131072
1726697472 4096
1726701568 65536
1726644224 4096
1726648320 49152
1720713216 4096
1720717312 65536
1720647680 4096
1720651776 61440
1720578048 4096
1720582144 65536
1724968960 4096
1724973056 57344
1723445248 4096
1723449344 57344
1721892864 4096
1721896960 65536
1728442368 4096
1728446464 131072
1728577536 131072
1728393216 4096
1728397312 45056
1726582784 4096
1726586880 57344
1727033344 131072
1728335872 4096
1728339968 53248
1720508416 4096
1720512512 65536
1719390208 4096
1719394304 65536
1719316480 4096
1719320576 69632
1719263232 53248
1724907520 4096
1724911616 57344
1723383808 4096
1723387904 57344
1728274432 4096
1728278528 57344
1721823232 4096
1721827328 65536
1728708608 131072
1726517248 4096
1726521344 61440
1720442880 4096
1720446976 61440
1724846080 4096
1724850176 57344
1723322368 4096
1723326464 57344
1721761792 4096
1721765888 57344
1726455808 4096
1726459904 57344
1720422400 20480
1561153536 4096
1561157632 65536
1561223168 131072
1561116672 4096
1561120768 32768
1557458944 4096
1557463040 65536
1557528576 131072
1557426176 4096
1557430272 28672
1561354240 131072
1557659648 131072
1564721152 4096
1564725248 131072
1564856320 131072
1564680192 4096
1564684288 36864
1553715200 4096
1553719296 65536
1553784832 131072
1553686528 4096
1553690624 24576
1549938688 4096
1549942784 65536
1550008320 131072
1549910016 4096
1549914112 24576
1550139392 131072
1564987392 131072
1553915904 131072
1561042944 4096
1561047040 65536
1561112576 4096
1561006080 4096
1561010176 32768
1557360640 4096
1557364736 61440
1557327872 4096
1557331968 28672
1564606464 4096
1564610560 69632
1564565504 4096
1564569600 36864
1553625088 4096
1553629184 57344
1553588224 4096
1553592320 32768
1549840384 4096
1549844480 65536
1549807616 4096
1549811712 28672
1571844096 4096
1571848192 131072
1571979264 131072
1571811328 4096
1571815424 28672
1568288768 4096
1568292864 65536
1568358400 131072
1568256000 4096
1568260096 28672
1568489472 131072
1575424000 4096
1575428096 131072
1575559168 131072
1575383040 4096
1575387136 36864
1572110336 131072
1575690240 131072
1546297344 4096
1546301440 65536
1546366976 131072
1546260480 4096
1546264576 32768
1542889472 4096
1542893568 131072
1543024640 131072
1542856704 4096
1542860800 28672
1546498048 131072
1543155712 131072
1561485312 131072
1557790720 131072
1554046976 131072
1550270464 131072
1571737600 4096
1571741696 69632
1571688448 4096
1571692544 45056
1568174080 4096
1568178176 77824
1568133120 4096
1568137216 36864
1575313408 4096
1575317504 65536
1575272448 4096
1575276544 36864
1546194944 4096
1546199040 61440
1546158080 4096
1546162176 32768
1542782976 4096
1542787072 69632
1542750208 4096
1542754304 28672
1568620544 131072
1546629120 131072
1560969216 4096
1560973312 32768
1560932352 4096
1560936448 32768
1557291008 4096
1557295104 32768
1557254144 4096
1557258240 32768
1564528640 4096
1564532736 32768
1564495872 4096
1564499968 28672
1553555456 4096
1553559552 28672
1553518592 4096
1553522688 32768
1549770752 4096
1549774848 32768
1549733888 4096
1549737984 32768
1579008000 4096
1579012096 65536
1579077632 131072
1578971136 4096
1578975232 32768
1579208704 131072
1582657536 4096
1582661632 65536
1582727168 131072
1582620672 4096
1582624768 32768
1582858240 131072
1539616768 4096
1539620864 131072
1539751936 131072
1539579904 4096
1539584000 32768
1536446464 4096
1536450560 65536
1536516096 131072
1536413696 4096
1536417792 28672
1536647168 131072
1539883008 131072
1565118464 131072
1571643392 4096
1571647488 40960
1571610624 4096
1571614720 28672
1568096256 4096
1568100352 32768
1568059392 4096
1568063488 32768
1575231488 4096
1575235584 36864
1575198720 4096
1575202816 28672
1578905600 4096
1578909696 61440
1578868736 4096
1578872832 32768
1582559232 4096
1582563328 57344
1582530560 4096
1582534656 24576
1546129408 4096
1546133504 24576
1546092544 4096
1546096640 32768
1542713344 4096
1542717440 32768
1542676480 4096
1542680576 32768
1539514368 4096
1539518464 61440
1539485696 4096
1539489792 24576
1536344064 4096
1536348160 65536
1536303104 4096
1536307200 36864
1579339776 131072
1582989312 131072
1553477632 4096
1553481728 36864
1553432576 4096
1553436672 40960
1549688832 4096
1549692928 40960
1549647872 4096
1549651968 36864
1557221376 4096
1557225472 28672
1557184512 4096
1557188608 32768
1560895488 4096
1560899584 32768
1560858624 4096
1560862720 32768
1564459008 4096
1564463104 32768
1564426240 4096
1564430336 28672
1546051584 4096
1546055680 36864
1546010624 4096
1546014720 36864
1542635520 4096
1542639616 36864
1542594560 4096
1542598656 36864
1571569664 4096
1571573760 36864
1571528704 4096
1571532800 36864
1568022528 4096
1568026624 32768
1567985664 4096
1567989760 32768
1575161856 4096
1575165952 32768
1575129088 4096
1575133184 28672
1543286784 131072
1572241408 131072
1575821312 131072
438693888 4096
438697984 32768
438730752 65536
435204096 4096
435208192 32768
435240960 65536
438677504 4096
438681600 12288
435187712 4096
435191808 12288
442159104 4096
442163200 32768
442195968 65536
442142720 4096
442146816 12288
438665216 4096
438669312 8192
435175424 4096
435179520 8192
438652928 4096
438657024 8192
435163136 4096
435167232 8192
442130432 4096
442134528 8192
442118144 4096
442122240 8192
445706240 4096
445710336 32768
445743104 65536
445693952 4096
445698048 8192
449314816 4096
449318912 32768
449351680 65536
449298432 4096
449302528 12288
431685632 4096
431689728 32768
431722496 65536
428142592 4096
428146688 32768
428179456 65536
431669248 4096
431673344 12288
428126208 4096
428130304 12288
445677568 4096
445681664 12288
445661184 4096
445665280 12288
449286144 4096
449290240 8192
449269760 4096
449273856 12288
438796288 131072
435306496 131072
442261504 131072
431656960 4096
431661056 8192
428113920 4096
428118016 8192
431640576 4096
431644672 12288
428097536 4096
428101632 12288
445808640 131072
449417216 131072
431788032 131072
428244992 131072
438640640 4096
438644736 8192
435150848 4096
435154944 8192
438628352 4096
438632448 8192
435138560 4096
435142656 8192
442105856 4096
442109952 8192
442093568 4096
442097664 8192
452857856 4096
452861952 32768
452894720 65536
452841472 4096
452845568 12288
456351744 4096
456355840 32768
456388608 65536
456335360 4096
456339456 12288
445648896 4096
445652992 8192
445636608 4096
445640704 8192
449257472 4096
449261568 8192
449245184 4096
449249280 8192
431628288 4096
431632384 8192
428085248 4096
428089344 8192
431616000 4096
431620096 8192
428068864 4096
428072960 12288
452829184 4096
452833280 8192
452816896 4096
452820992 8192
456318976 4096
456323072 12288
456306688 4096
456310784 8192
424583168 4096
424587264 32768
424620032 65536
421007360 4096
421011456 32768
421044224 65536
424566784 4096
424570880 12288
420990976 4096
420995072 12288
424554496 4096
424558592 8192
420978688 4096
420982784 8192
424538112 4096
424542208 12288
420962304 4096
420966400 12288
452960256 131072
456454144 131072
424685568 131072
421109760 131072
452800512 4096
452804608 12288
452788224 4096
452792320 8192
456294400 4096
456298496 8192
456278016 4096
456282112 12288
424525824 4096
424529920 8192
420950016 4096
420954112 8192
424509440 4096
424513536 12288
420933632 4096
420937728 12288
438603776 4096
438607872 20480
435109888 4096
435113984 24576
438591488 4096
438595584 8192
435097600 4096
435101696 8192
442068992 4096
442073088 20480
442056704 4096
442060800 8192
445607936 4096
445612032 24576
445595648 4096
445599744 8192
449216512 4096
449220608 24576
449200128 4096
449204224 12288
459743232 4096
459747328 32768
459780096 65536
459726848 4096
459730944 12288
463060992 4096
463065088 32768
463097856 65536
463044608 4096
463048704 12288
431587328 4096
431591424 24576
428044288 4096
428048384 20480
431570944 4096
431575040 12288
428027904 4096
428032000 12288
459710464 4096
459714560 12288
459698176 4096
459702272 8192
463036416 4096
463040512 4096
463020032 4096
463024128 12288
414109696 4096
414113792 16384
414130176 32768
410746880 4096
410750976 16384
410767360 32768
414093312 4096
414097408 12288
410734592 4096
410738688 8192
417480704 4096
417484800 32768
417517568 65536
417464320 4096
417468416 12288
414162944 73728
410800128 81920
414081024 4096
414085120 8192
410722304 4096
410726400 8192
414068736 4096
414072832 8192
410710016 4096
410714112 8192
417452032 4096
417456128 8192
417435648 4096
417439744 12288
417583104 131072
414236672 131072
410882048 131072
414056448 4096
414060544 8192
410697728 4096
410701824 8192
414044160 4096
414048256 8192
410681344 4096
410685440 12288
417423360 4096
417427456 8192
417406976 4096
417411072 12288
407326720 4096
407330816 32768
407363584 65536
403853312 4096
403857408 32768
403890176 65536
407314432 4096
407318528 8192
403841024 4096
403845120 8192
459845632 131072
463163392 131072
459685888 4096
459689984 8192
459669504 4096
459673600 12288
463007744 4096
463011840 8192
462995456 4096
462999552 8192
407302144 4096
407306240 8192
403824640 4096
403828736 12288
407285760 4096
407289856 12288
403808256 4096
403812352 12288
466378752 4096
466382848 32768
466415616 65536
466362368 4096
466366464 12288
469663744 4096
469667840 32768
469700608 65536
469647360 4096
469651456 12288
466350080 4096
466354176 8192
466337792 4096
466341888 8192
469635072 4096
469639168 8192
469622784 4096
469626880 8192
466481152 131072
469766144 131072
466325504 4096
466329600 8192
466313216 4096
466317312 8192
469614592 4096
469618688 4096
469602304 4096
469606400 8192
452763648 4096
452767744 20480
452747264 4096
452751360 12288
456249344 4096
456253440 24576
456232960 4096
456237056 12288
424480768 4096
424484864 24576
420904960 4096
420909056 24576
424468480 4096
424472576 8192
420888576 4096
420892672 12288
459640832 4096
459644928 24576
459624448 4096
459628544 12288
462962688 4096
462966784 28672
462950400 4096
462954496 8192
414015488 4096
414019584 24576
410652672 4096
410656768 24576
413999104 4096
414003200 12288
410640384 4096
410644480 8192
417378304 4096
417382400 24576
417366016 4096
417370112 8192
438927360 131072
435437568 131072
442392576 131072
445939712 131072
449548288 131072
431919104 131072
428376064 131072
453091328 131072
456585216 131072
424816640 131072
421240832 131072
459976704 131072
463294464 131072
472944640 4096
472948736 32768
472981504 65536
472928256 4096
472932352 12288
479879168 4096
479883264 32768
479916032 65536
476340224 4096
476344320 32768
476377088 65536
479866880 4096
479870976 8192
476323840 4096
476327936 12288
466288640 4096
466292736 20480
466276352 4096
466280448 8192
469577728 4096
469581824 20480
469561344 4096
469565440 12288
407429120 131072
403955712 131072
472911872 4096
472915968 12288
472899584 4096
472903680 8192
479850496 4096
479854592 12288
476307456 4096
476311552 12288
479834112 4096
479838208 12288
476295168 4096
476299264 8192
417714176 131072
473047040 131072
479981568 131072
476442624 131072
466612224 131072
469897216 131072
472883200 4096
472887296 12288
472870912 4096
472875008 8192
479817728 4096
479821824 12288
476278784 4096
476282880 12288
479805440 4096
479809536 8192
476262400 4096
476266496 12288
1554178048 131072
1550401536 131072
1557921792 131072
1561616384 131072
1546760192 131072
1568751616 131072
1560821760 4096
1560825856 32768
1560784896 4096
1560788992 32768
1557147648 4096
1557151744 32768
1557110784 4096
1557114880 32768
1564389376 4096
1564393472 32768
1564352512 4096
1564356608 32768
1553387520 4096
1553391616 40960
1553350656 4096
1553354752 32768
1549606912 4096
1549611008 36864
1549565952 4096
1549570048 36864
1536778240 131072
1540014080 131072
1578835968 4096
1578840064 28672
1578807296 4096
1578811392 24576
1582501888 4096
1582505984 24576
1582469120 4096
1582473216 28672
1539444736 4096
1539448832 36864
1539403776 4096
1539407872 36864
1536266240 4096
1536270336 32768
1536225280 4096
1536229376 36864
1579470848 131072
1583120384 131072
1536909312 131072
1565249536 131072
1727164416 131072
1586462720 4096
1586466816 131072
1586597888 131072
1586413568 4096
1586417664 45056
1590366208 4096
1590370304 131072
1590501376 131072
1590312960 4096
1590317056 49152
1586376704 4096
1586380800 32768
1586335744 4096
1586339840 36864
1590263808 4096
1590267904 45056
1590218752 4096
1590222848 40960
1586728960 131072
1590632448 131072
1586266112 4096
1586270208 65536
1586241536 4096
1586245632 20480
1590140928 4096
1590145024 73728
1590112256 4096
1590116352 24576
1586208768 4096
1586212864 28672
1586180096 4096
1586184192 24576
1590079488 4096
1590083584 28672
1590046720 4096
1590050816 28672
1572372480 131072
1568882688 131072
1575952384 131072
1578774528 4096
1578778624 28672
1578741760 4096
1578745856 28672
1582436352 4096
1582440448 28672
1582403584 4096
1582407680 28672
1543417856 131072
1586860032 131072
1590763520 131072
1539366912 4096
1539371008 32768
1539325952 4096
1539330048 36864
1536188416 4096
1536192512 32768
1536147456 4096
1536151552 36864
1571495936 4096
1571500032 28672
1571463168 4096
1571467264 28672
1567952896 4096
1567956992 28672
1567920128 4096
1567924224 28672
1575092224 4096
1575096320 32768
1575047168 4096
1575051264 40960
1586143232 4096
1586147328 32768
1586106368 4096
1586110464 32768
1590009856 4096
1590013952 32768
1589972992 4096
1589977088 32768
1540145152 131072
1545973760 4096
1545977856 32768
1545932800 4096
1545936896 36864
1542557696 4096
1542561792 32768
1542520832 4096
1542524928 32768
1533493248 4096
1533497344 131072
1533628416 131072
1533452288 4096
1533456384 36864
1530470400 4096
1530474496 131072
1530605568 131072
1530429440 4096
1530433536 36864
1533411328 4096
1533415424 36864
1533374464 4096
1533378560 32768
1530388480 4096
1530392576 36864
1530343424 4096
1530347520 40960
1533759488 131072
1530736640 131072
1533292544 4096
1533296640 77824
1533255680 4096
1533259776 32768
1530265600 4096
1530269696 73728
1530228736 4096
1530232832 32768
1533890560 131072
1530867712 131072
1561747456 131072
1558052864 131072
1565380608 131072
1730994176 4096
1730998272 131072
1731129344 131072
1730928640 4096
1730932736 61440
1729159168 4096
1729163264 131072
1729294336 131072
1729101824 4096
1729105920 53248
1732771840 4096
1732775936 131072
1732907008 131072
1732714496 4096
1732718592 53248
1730867200 4096
1730871296 57344
1729044480 4096
1729048576 53248
1732657152 4096
1732661248 53248
1727479808 4096
1727483904 131072
1727614976 131072
1727422464 4096
1727426560 53248
1734619136 4096
1734623232 131072
1734754304 131072
1734557696 4096
1734561792 57344
1727356928 4096
1727361024 61440
1734496256 4096
1734500352 57344
1730809856 4096
1730813952 53248
1728987136 4096
1728991232 53248
1732599808 4096
1732603904 53248
1731260416 131072
1729425408 131072
1733038080 131072
1727295488 61440
1734434816 4096
1734438912 57344
1725890560 4096
1725894656 131072
1726025728 131072
1725874176 16384
1736577024 4096
1736581120 131072
1736712192 131072
1736519680 4096
1736523776 53248
1727746048 131072
1734885376 131072
1736466432 4096
1736470528 49152
1730748416 4096
1730752512 57344
1728921600 4096
1728925696 61440
1732538368 4096
1732542464 57344
1736413184 4096
1736417280 49152
1734373376 4096
1734377472 57344
1726156800 131072
1736843264 131072
1733169152 131072
1731391488 131072
1729556480 131072
1735016448 131072
1727877120 131072
1629364224 4096
1629368320 65536
1629433856 131072
1629331456 4096
1629335552 28672
1625092096 4096
1625096192 65536
1625161728 131072
1625059328 4096
1625063424 28672
1629564928 131072
1625292800 131072
1637883904 4096
1637888000 65536
1637953536 131072
1637842944 4096
1637847040 36864
1633669120 4096
1633673216 65536
1633738752 131072
1633628160 4096
1633632256 36864
1638084608 131072
1629294592 4096
1629298688 32768
1629261824 4096
1629265920 28672
1625026560 4096
1625030656 28672
1624989696 4096
1624993792 32768
1637801984 4096
1637806080 36864
1637765120 4096
1637769216 32768
1633587200 4096
1633591296 36864
1633550336 4096
1633554432 32768
1620750336 4096
1620754432 65536
1620819968 131072
1620717568 4096
1620721664 28672
1616388096 4096
1616392192 65536
1616457728 131072
1616351232 4096
1616355328 32768
1620951040 131072
1616588800 131072
1620688896 4096
1620692992 24576
1620652032 4096
1620656128 32768
1616314368 4096
1616318464 32768
1616273408 4096
1616277504 36864
1642086400 4096
1642090496 65536
1642156032 131072
1642045440 4096
1642049536 36864
1646256128 4096
1646260224 65536
1646325760 131072
1646215168 4096
1646219264 36864
1642000384 4096
1642004480 40960
1641959424 4096
1641963520 36864
1646174208 4096
1646178304 36864
1646129152 4096
1646133248 40960
1633869824 131072
1629233152 4096
1629237248 24576
1629192192 4096
1629196288 36864
1624952832 4096
1624956928 32768
1624920064 4096
1624924160 28672
1637728256 4096
1637732352 32768
1637695488 4096
1637699584 28672
1633517568 4096
1633521664 28672
1633480704 4096
1633484800 32768
1642287104 131072
1646456832 131072
1620611072 4096
1620615168 36864
1620574208 4096
1620578304 32768
1616236544 4096
1616240640 32768
1616199680 4096
1616203776 32768
1641922560 4096
1641926656 32768
1641889792 4096
1641893888 28672
1646096384 4096
1646100480 28672
1646067712 4096
1646071808 24576
1612017664 4096
1612021760 131072
1612152832 131072
1611980800 4096
1611984896 32768
1607835648 4096
1607839744 131072
1607970816 131072
1607802880 4096
1607806976 28672
1611948032 4096
1611952128 28672
1611902976 4096
1611907072 40960
1607766016 4096
1607770112 32768
1607720960 4096
1607725056 40960
1650483200 4096
1650487296 65536
1650552832 131072
1650442240 4096
1650446336 36864
1650683904 131072
1654870016 4096
1654874112 65536
1654939648 131072
1654829056 4096
1654833152 36864
1655070720 131072
1650401280 4096
1650405376 36864
1650364416 4096
1650368512 32768
1654788096 4096
1654792192 36864
1654747136 4096
1654751232 36864
1612283904 131072
1608101888 131072
1629696000 131072
1625423872 131072
1638215680 131072
1634000896 131072
1611853824 4096
1611857920 45056
1611816960 4096
1611821056 32768
1607671808 4096
1607675904 45056
1607634944 4096
1607639040 32768
1621082112 131072
1616719872 131072
1642418176 131072
1646587904 131072
1629155328 4096
1629159424 32768
1629118464 4096
1629122560 32768
1624879104 4096
1624883200 36864
1624842240 4096
1624846336 32768
1637658624 4096
1637662720 32768
1637613568 4096
1637617664 40960
1633443840 4096
1633447936 32768
1633406976 4096
1633411072 32768
1650327552 4096
1650331648 32768
1650298880 4096
1650302976 24576
1654714368 4096
1654718464 28672
1654673408 4096
1654677504 36864
1620533248 4096
1620537344 36864
1620492288 4096
1620496384 36864
1616158720 4096
1616162816 36864
1616121856 4096
1616125952 32768
1641857024 4096
1641861120 28672
1641828352 4096
1641832448 24576
1646034944 4096
1646039040 28672
1646002176 4096
1646006272 28672
1650814976 131072
1655201792 131072
1611784192 4096
1611788288 28672
1611751424 4096
1611755520 28672
1607602176 4096
1607606272 28672
1607569408 4096
1607573504 28672
1650262016 4096
1650266112 32768
1650229248 4096
1650233344 28672
1654632448 4096
1654636544 36864
1654599680 4096
1654603776 28672
1629827072 131072
1634131968 131072
1621213184 131072
1616850944 131072
1629081600 4096
1629085696 32768
1629044736 4096
1629048832 32768
1629003776 4096
1629007872 36864
1624801280 4096
1624805376 36864
1624764416 4096
1624768512 32768
1624727552 4096
1624731648 32768
1637580800 4096
1637584896 28672
1637552128 4096
1637556224 24576
1637519360 4096
1637523456 28672
1633370112 4096
1633374208 32768
1633333248 4096
1633337344 32768
1633296384 4096
1633300480 32768
1620451328 4096
1620455424 36864
1620414464 4096
1620418560 32768
1620373504 4096
1620377600 36864
1616084992 4096
1616089088 32768
1616044032 4096
1616048128 36864
1616003072 4096
1616007168 36864
1641799680 4096
1641803776 24576
1641771008 4096
1641775104 24576
1641738240 4096
1641742336 28672
1645961216 4096
1645965312 36864
1645928448 4096
1645932544 28672
1645895680 4096
1645899776 28672
1612414976 131072
1608232960 131072
1650946048 131072
1611718656 4096
1611722752 28672
1611673600 4096
1611677696 40960
1611636736 4096
1611640832 32768
1607540736 4096
1607544832 24576
1607503872 4096
1607507968 32768
1607471104 4096
1607475200 28672
1625554944 131072
1638346752 131072
1642549248 131072
1646718976 131072
1655332864 131072
1274736640 4096
1274740736 32768
1274773504 65536
1271373824 4096
1271377920 32768
1271410688 65536
1274720256 4096
1274724352 12288
1271361536 4096
1271365632 8192
1278029824 4096
1278033920 32768
1278066688 65536
1278009344 4096
1278013440 16384
1278132224 131072
1281220608 4096
1281224704 32768
1281257472 65536
1281204224 4096
1281208320 12288
1284386816 4096
1284390912 32768
1284423680 65536
1284370432 4096
1284374528 12288
1274703872 4096
1274707968 12288
1271345152 4096
1271349248 12288
1274691584 4096
1274695680 8192
1271332864 4096
1271336960 8192
1277992960 4096
1277997056 12288
1277980672 4096
1277984768 8192
1281187840 4096
1281191936 12288
1281171456 4096
1281175552 12288
1284358144 4096
1284362240 8192
1284341760 4096
1284345856 12288
1274839040 131072
1271476224 131072
1281323008 131072
1284489216 131072
1264771072 4096
1264775168 32768
1264807936 65536
1261740032 4096
1261744128 32768
1261776896 65536
1264758784 4096
1264762880 8192
1261723648 4096
1261727744 12288
1268006912 4096
1268011008 32768
1268043776 65536
1267990528 4096
1267994624 12288
1287499776 4096
1287503872 32768
1287536640 65536
1287483392 4096
1287487488 12288
1290592256 4096
1290596352 32768
1290629120 65536
1290575872 4096
1290579968 12288
1264746496 4096
1264750592 8192
1261711360 4096
1261715456 8192
1264730112 4096
1264734208 12288
1261694976 4096
1261699072 12288
1267974144 4096
1267978240 12288
1267961856 4096
1267965952 8192
1287471104 4096
1287475200 8192
1287454720 4096
1287458816 12288
1290559488 4096
1290563584 12288
1290547200 4096
1290551296 8192
1264873472 131072
1261842432 131072
1268109312 131072
1287602176 131072
1290694656 131072
1274658816 4096
1274662912 28672
1271308288 4096
1271312384 20480
1274646528 4096
1274650624 8192
1271291904 4096
1271296000 12288
1277947904 4096
1277952000 28672
1277931520 4096
1277935616 12288
1281142784 4096
1281146880 24576
1281122304 4096
1281126400 16384
1284308992 4096
1284313088 28672
1284292608 4096
1284296704 12288
1264705536 4096
1264709632 20480
1261670400 4096
1261674496 20480
1264689152 4096
1264693248 12288
1261658112 4096
1261662208 8192
1267937280 4096
1267941376 20480
1267920896 4096
1267924992 12288
1287426048 4096
1287430144 24576
1287409664 4096
1287413760 12288
1290514432 4096
1290518528 28672
1290502144 4096
1290506240 8192
1258725376 4096
1258729472 32768
1258762240 65536
1255661568 4096
1255665664 32768
1255698432 65536
1258713088 4096
1258717184 8192
1255649280 4096
1255653376 8192
1293815808 4096
1293819904 32768
1293852672 65536
1293799424 4096
1293803520 12288
1297117184 4096
1297121280 32768
1297154048 65536
1297100800 4096
1297104896 12288
1293918208 131072
1258700800 4096
1258704896 8192
1255636992 4096
1255641088 8192
1258684416 4096
1258688512 12288
1255620608 4096
1255624704 12288
1293783040 4096
1293787136 12288
1293766656 4096
1293770752 12288
1297084416 4096
1297088512 12288
1297063936 4096
1297068032 16384
1258827776 131072
1255763968 131072
1297219584 131072
1258655744 4096
1258659840 24576
1255591936 4096
1255596032 24576
1258643456 4096
1258647552 8192
1255579648 4096
1255583744 8192
1293733888 4096
1293737984 28672
1293717504 4096
1293721600 12288
1297035264 4096
1297039360 24576
1297018880 4096
1297022976 12288
1252519936 4096
1252524032 32768
1252556800 65536
1249304576 4096
1249308672 32768
1249341440 65536
1252503552 4096
1252507648 12288
1249292288 4096
1249296384 8192
1300406272 4096
1300410368 32768
1300443136 65536
1300393984 4096
1300398080 8192
1303638016 4096
1303642112 32768
1303674880 65536
1303621632 4096
1303625728 12288
1252491264 4096
1252495360 8192
1249280000 4096
1249284096 8192
1252478976 4096
1252483072 8192
1249263616 4096
1249267712 12288
1300377600 4096
1300381696 12288
1300361216 4096
1300365312 12288
1303609344 4096
1303613440 8192
1303597056 4096
1303601152 8192
1252622336 131072
1249406976 131072
1300508672 131072
1303740416 131072
1252450304 4096
1252454400 24576
1249234944 4096
1249239040 24576
1252433920 4096
1252438016 12288
1249222656 4096
1249226752 8192
1300332544 4096
1300336640 24576
1300316160 4096
1300320256 12288
1303568384 4096
1303572480 24576
1303552000 4096
1303556096 12288
1246023680 4096
1246027776 32768
1246060544 65536
1242652672 4096
1242656768 32768
1242689536 65536
1246007296 4096
1246011392 12288
1242636288 4096
1242640384 12288
1306746880 4096
1306750976 16384
1306767360 32768
1306734592 4096
1306738688 8192
1309757440 4096
1309761536 32768
1309794304 65536
1309745152 4096
1309749248 8192
1306800128 73728
1245995008 4096
1245999104 8192
1242619904 4096
1242624000 12288
1245982720 4096
1245986816 8192
1242603520 4096
1242607616 12288
1306722304 4096
1306726400 8192
1306705920 4096
1306710016 12288
1309732864 4096
1309736960 8192
1309720576 4096
1309724672 8192
1246126080 131072
1242755072 131072
1309859840 131072
1245949952 4096
1245954048 28672
1242574848 4096
1242578944 24576
1245933568 4096
1245937664 12288
1242562560 4096
1242566656 8192
1306677248 4096
1306681344 24576
1306660864 4096
1306664960 12288
1309691904 4096
1309696000 24576
1309675520 4096
1309679616 12288
1306873856 131072
